7
7
601032
901187
1201790
7
7
7
8
8
8
8
8
8
8
8
8
8
8
5707188
6010187
6310487
6610765
9
9
9
9
9
9
9
9
9
10
10
10
10
10
10
10
10
10
10
10
10
11
11
11
11
11
11
11
11
11
11
11
11
12
12
12
12
12
12
12
12
12
12
12
12
13
13
13
13
13
13
13
13
13
13
13
13
14
14
14
14
14
14
14
14
14
14
14
14
15
15
15
15
15
15
15
15
15
15
15
15
16
16
16
16
16
16
16
16
16
16
16
16
17
17
17
17
17
17
17
17
17
17
17
17
18
18
18
18
18
18
18
18
18
18
18
18
19
42342880
19
42943708
19
19
43844368
44144616
19
44745172
45045648
45346084
45646484
20
46247024
46547188
46847424
47147688
47447936
47748332
48048824
48349064
48649336
48949568
49249796
49550056
49850312
2014
2014
2014
2014
2014
2014
2014
2014
